  Nr    Dags.    Timi      Breidd     Lengd   Dypi   M     ML
   1 20220905 000527.195 66.53447 -18.89888  5.632  1.13  1.18
   2 20220905 001239.750 66.62453 -17.93015  7.511  1.33  1.18
   3 20220905 002206.783 63.86661 -22.44638  2.447 -0.16 -1.16
   4 20220905 010858.618 66.22826 -18.54552  8.048  0.77  0.89
   5 20220905 013825.210 63.88831 -22.35872  6.238  0.70 -0.34
   6 20220905 015804.344 63.79697 -22.71985  4.627  0.29 -0.42
   7 20220905 020237.161 63.84842 -22.61167  4.634  0.35 -1.11
   8 20220905 020736.243 63.85569 -22.58797  5.014  0.77  0.03
   9 20220905 021206.350 63.78613 -22.73595  5.915  0.35 -0.56
  10 20220905 022400.432 63.89684 -22.24999  4.934  0.52 -0.51
  11 20220905 022618.756 66.54944 -18.91371 11.458  1.28  1.83
  12 20220905 023914.124 63.81546 -22.59777  3.413  0.44 -0.81
  13 20220905 025011.791 63.85685 -22.61759  6.123  0.23 -1.40
  14 20220905 025411.270 63.88507 -22.25356  4.974  0.48 -0.39
  15 20220905 025444.510 63.92746 -22.19584  2.604  0.26 -0.55
  16 20220905 031104.206 63.89552 -22.25287  5.627  0.53 -0.37
  17 20220905 034638.168 63.88530 -22.37957  4.636  0.68 -0.14
  18 20220905 042924.705 66.54056 -17.61556 10.005  2.05  2.06
  19 20220905 044744.384 63.98567 -16.57867  0.135  0.14  0.00
  20 20220905 052332.267 66.25441 -18.55953  7.994  1.10  1.24
  21 20220905 052830.024 65.11047 -16.78962  5.079  0.87  0.69
  22 20220905 062838.746 63.93502 -22.23221  4.202  0.77 -0.51
  23 20220905 070434.737 65.69947 -16.74882  2.208  0.56  0.20
  24 20220905 071125.136 63.91293 -22.24177  6.225  0.67 -0.30
  25 20220905 071355.538 63.91579 -22.23756  6.226  0.60 -0.50
  26 20220905 075845.123 66.22129 -17.85090 10.308  0.85  1.27
  27 20220905 085519.246 63.84963 -22.56070  4.595  0.38 -1.26
  28 20220905 090443.317 63.99343 -21.69690  6.531  0.60  0.53
  29 20220905 093556.215 65.15050 -16.31559  4.376  0.79  1.15
  30 20220905 093623.199 66.53136 -17.91767  2.316  1.02  1.51
  31 20220905 102213.486 63.85785 -22.61425  5.780  0.20 -1.45
  32 20220905 102833.909 66.26360 -16.71793  3.650  0.26  0.58
  33 20220905 104633.324 63.87738 -22.32643  0.135  0.02 -0.63
  34 20220905 124853.114 63.97268 -21.03373  0.135  0.49  0.47
  35 20220905 125744.098 63.83772 -22.68894  5.500  0.21 -0.69
  36 20220905 130459.588 63.91182 -19.66285  5.134  0.19 -0.29
  37 20220905 132838.360 63.91561 -22.09904  5.683  0.40 -0.12
  38 20220905 135703.844 66.50305 -17.62130  1.144  1.05  0.95
  39 20220905 144321.522 63.85027 -22.42789  2.213  0.01 -0.99
  40 20220905 162026.514 63.94357 -20.77344  7.944  0.96  0.44
  41 20220905 165546.618 64.02422 -21.56945  7.013  0.62  0.17
  42 20220905 165716.566 63.93940 -22.01765  3.121  0.55 -0.14
  43 20220905 175128.177 63.93653 -22.13858  3.409  0.51  0.38
  44 20220905 181953.296 63.81894 -22.68796  4.402  1.77  1.14
  45 20220905 182015.319 63.81184 -22.64512  2.364 -0.17 -0.53
  46 20220905 182154.269 63.82326 -22.67713  3.212  0.76  0.26
  47 20220905 182550.649 63.92171 -22.20975  2.210  0.02 -0.50
  48 20220905 183157.111 64.03063 -21.21145  5.447  0.83 -0.15
  49 20220905 183808.769 64.05579 -21.35552  3.544  0.42  0.12
  50 20220905 185354.868 63.92112 -22.20638  1.942  0.16 -0.68
  51 20220905 191215.511 63.85862 -22.60857  4.201  0.47 -0.07
  52 20220905 193302.445 63.92193 -22.21178  2.537  0.12 -0.24
  53 20220905 193356.625 63.91957 -22.20391  2.205  0.14 -0.48
  54 20220905 193845.497 63.92266 -22.21030  2.139  0.36 -0.28
  55 20220905 194028.880 68.17487 -17.81159 10.005  2.42  2.39
  56 20220905 195055.127 63.92487 -22.21246  2.376 -0.06 -0.54
  57 20220905 195908.101 65.21180 -16.35781  6.206  0.38  0.51
  58 20220905 200556.649 63.92197 -22.20994  5.686  0.33 -0.62
  59 20220905 201156.944 64.00076 -19.99557  7.273  0.82  0.26
  60 20220905 201619.941 63.87335 -22.32346  6.676  0.61  0.21
  61 20220905 202241.848 63.84895 -22.57751  5.005  0.46 -0.05
  62 20220905 202434.528 63.84740 -22.57349  5.519  0.80  0.49
  63 20220905 202620.605 63.91830 -22.19783  3.186  0.97  0.34
  64 20220905 202747.310 63.92455 -22.18237  3.417  0.37 -0.02
  65 20220905 204206.962 63.84579 -22.57082  5.300  0.74  0.23
  66 20220905 210606.979 63.82436 -22.67960  3.026  0.93  0.01
  67 20220905 210624.495 63.81258 -22.66805  3.675  0.11 -0.55
  68 20220905 210833.737 63.81601 -22.68257  4.587  2.26  1.65
  69 20220905 211000.216 63.80954 -22.66862  4.215  0.24 -0.46
  70 20220905 211201.230 63.80132 -22.62508  9.627  0.50 -0.51
  71 20220905 211235.765 63.89481 -22.37882  5.974  0.45 -0.27
  72 20220905 211358.929 63.82019 -22.67996  4.354  1.61  1.04
  73 20220905 211728.559 63.82013 -22.68964  3.929  0.41  0.15
  74 20220905 211811.371 63.82100 -22.68116  3.691  0.46  0.61
  75 20220905 212005.433 63.65351 -19.12619  0.135  1.61  1.05
  76 20220905 212148.553 63.83131 -22.68149  2.769  0.12 -0.34
  77 20220905 213903.117 63.84523 -22.56987  5.528  0.47 -0.29
  78 20220905 215639.859 63.84388 -22.56646  4.974  0.40 -0.69
  79 20220905 215837.325 63.81654 -22.56857  4.222 -0.23 -1.23
  80 20220905 220104.679 63.94291 -21.97582  5.221  0.65  0.39
  81 20220905 222814.608 66.61870 -17.74421 10.978  1.34  1.45
  82 20220905 222934.946 66.26765 -18.55503  4.222  0.75  1.17
  83 20220906 001325.886 63.89294 -22.37927  5.837  0.61  0.00
  84 20220906 002753.499 63.90003 -22.24660  5.021  0.11 -0.60
  85 20220906 010744.546 63.84852 -22.57482  5.003  0.80  0.20
  86 20220906 012903.937 63.84097 -22.67146  1.389  0.21 -0.21
  87 20220906 012937.719 63.82083 -22.67488  4.498  1.94  1.29
  88 20220906 013934.184 63.84372 -22.56881  5.357  0.33 -0.73
  89 20220906 014018.247 63.84333 -22.56806  4.034  0.31 -0.57
  90 20220906 015415.645 63.84480 -22.56828  5.548  0.23 -0.64
  91 20220906 015904.566 64.61842 -20.57376  4.303  1.56  0.96
  92 20220906 022036.139 63.81922 -22.67006  4.168  0.49 -0.13
  93 20220906 023535.101 63.94218 -22.17078  2.944  0.27 -0.35
  94 20220906 024218.333 63.93693 -22.18636  7.228  0.72 -0.57
  95 20220906 024951.947 63.83559 -22.57668  5.581  0.03 -1.07
  96 20220906 030434.131 63.84597 -22.57348  5.201  0.51 -0.11
  97 20220906 030920.152 63.84134 -22.57241  5.491  0.00 -1.26
  98 20220906 030949.073 63.84438 -22.57011  5.668 -0.50 -1.65
  99 20220906 032417.095 63.88764 -22.38141  4.639  0.40 -0.58
 100 20220906 033806.377 63.93680 -22.19539  4.119  3.52  2.96
 101 20220906 033911.010 63.93539 -22.18975  3.498  0.85  0.83
 102 20220906 033940.681 63.92974 -22.19683  3.189  0.04 -0.08
 103 20220906 034031.569 63.93690 -22.19794  3.540  1.92  1.33
 104 20220906 034202.263 63.90520 -22.18561  2.456  0.14 -0.44
 105 20220906 034227.278 63.93286 -22.19119  2.724  0.11 -0.45
 106 20220906 034252.079 63.93219 -22.21153  4.259  0.48 -0.21
 107 20220906 034343.162 63.93441 -22.19679  3.669  1.38  0.78
 108 20220906 034410.709 63.93289 -22.19460  3.961  1.66  1.14
 109 20220906 034534.091 63.92760 -22.19362  2.096  0.12 -0.42
 110 20220906 034858.441 63.93359 -22.19472  3.511  0.99  0.26
 111 20220906 035025.232 63.83934 -22.57765  4.789 -0.06 -1.26
 112 20220906 035212.593 63.92590 -22.20314  2.415  0.58  0.03
 113 20220906 035443.010 63.93977 -22.19102  4.252  1.60  1.03
 114 20220906 040228.796 63.93033 -22.19958  2.947  0.12 -0.47
 115 20220906 040623.329 63.92610 -22.20091  2.741  0.01 -0.50
 116 20220906 041138.805 63.93020 -22.20027  3.118  0.06 -0.42
 117 20220906 041232.510 66.41874 -17.61427 14.373  0.90  1.15
 118 20220906 041402.763 63.93188 -22.19452  2.787  0.15 -0.28
 119 20220906 041740.309 63.93080 -22.19471  2.794  0.10 -0.35
 120 20220906 042049.517 63.93372 -22.19153  3.801  1.25  0.37
 121 20220906 043020.071 63.92968 -22.19868  2.634  0.02 -0.55
 122 20220906 043341.225 63.92328 -22.20659  2.831  0.03  1.16
 123 20220906 044156.652 63.90080 -22.24327  4.968  0.17 -0.40
 124 20220906 045159.955 66.23039 -18.54387  1.528  0.50  0.62
 125 20220906 050100.568 63.92694 -22.20104  3.299  0.16 -0.39
 126 20220906 050959.738 63.93153 -22.19629  2.914  0.42 -0.11
 127 20220906 051028.958 63.93330 -22.19253  3.645  0.67  0.41
 128 20220906 051049.119 63.93407 -22.19336  3.262  0.23 -0.21
 129 20220906 051121.295 63.93336 -22.19383  3.584  1.18  0.73
 130 20220906 051519.391 66.22807 -18.53420  2.540  0.80  1.18
 131 20220906 051652.103 66.22939 -18.55116  7.637  0.28  0.42
 132 20220906 052306.778 63.92552 -22.19684  2.005 -0.05 -0.50
 133 20220906 052437.599 66.23225 -18.56088  2.667  1.13  1.17
 134 20220906 053441.942 66.22997 -18.55537  8.258  0.69  0.85
 135 20220906 054957.661 63.93859 -22.11893  5.411  0.45 -0.26
 136 20220906 055135.876 63.92679 -22.20198  2.409  0.25 -0.09
 137 20220906 060456.313 63.94844 -21.29023  6.446  0.70  0.51
 138 20220906 061605.515 63.93461 -22.19034  3.239  1.37  0.56
 139 20220906 062106.302 64.77952 -21.93389  2.863  1.20  1.51
 140 20220906 062320.283 66.22924 -18.55443  9.403  0.31  0.67
 141 20220906 063456.411 63.93377 -22.19366  3.635  0.61 -0.04
 142 20220906 065206.194 65.03545 -16.53260  7.640 -0.15 -0.65
 143 20220906 072509.843 63.93002 -21.97605  4.306  0.58  0.40
 144 20220906 073919.256 63.92440 -21.98094  5.048  0.84  0.70
 145 20220906 074719.755 64.69085 -20.41358  4.562  1.74  1.35
 146 20220906 080303.339 64.78426 -21.93587  7.711  1.88  1.33
 147 20220906 081804.559 63.91253 -22.20385  4.485  0.39 -0.23
 148 20220906 083002.807 64.10625 -19.73782  7.901  1.01  0.06
 149 20220906 083353.486 63.90703 -20.61718  8.810  1.04  0.74
 150 20220906 090801.798 66.55851 -17.66602 11.330  1.33  1.48
 151 20220906 092233.152 66.53504 -17.72393 14.051  0.80  0.90
 152 20220906 093532.312 66.36566 -16.99220  9.215  0.75  0.90
 153 20220906 095023.271 63.88674 -22.29447  3.419  0.72 -0.11
 154 20220906 095133.550 63.83842 -22.55926  5.142  0.54 -0.28
 155 20220906 101042.630 63.92968 -22.03394  3.714  0.37  0.13
 156 20220906 102203.150 63.84669 -22.57215  5.460  0.60  0.05
 157 20220906 103604.105 64.79529 -21.92342  7.346  1.56  1.34
 158 20220906 105602.751 65.14576 -16.24976  3.442  0.70  0.61
 159 20220906 110033.648 63.84972 -22.57506  5.364  1.19  0.88
 160 20220906 111833.656 63.93472 -22.18961  3.926  1.37  1.08
 161 20220906 112026.720 63.84503 -22.56808  5.296  0.70  0.12
 162 20220906 113725.256 64.40327 -20.28540  5.915  1.19  0.98
 163 20220906 114550.542 63.92266 -22.20738  0.999  1.18  0.89
 164 20220906 114627.878 63.92179 -22.20892  1.171  0.87  0.36
 165 20220906 120928.856 63.84825 -22.57535  5.810  0.67 -0.11
 166 20220906 124502.092 63.90030 -22.24629  5.488  0.33 -0.31
 167 20220906 125420.194 63.91930 -22.20443  0.204  0.28 -0.42
 168 20220906 130254.089 63.93415 -22.19286  3.257  1.37  1.21
 169 20220906 130704.998 65.04934 -16.47974  6.968  0.13 -0.45
 170 20220906 131801.801 63.98019 -19.16319  0.177  0.78  0.61
 171 20220906 131856.002 63.98627 -19.16691  0.135  0.43  0.46
 172 20220906 131958.353 63.98289 -19.15441  0.947  3.14  2.69
 173 20220906 132810.692 63.95477 -21.80697  5.247  2.53  2.26
 174 20220906 132830.438 63.95369 -21.80623  6.834  1.91  1.86
 175 20220906 133505.251 63.92102 -22.20905  2.587  0.37 -0.41
 176 20220906 135843.197 63.97792 -19.15148  1.103  0.36  0.55
 177 20220906 140054.318 63.87527 -22.53024  7.626  1.33 -1.49
 178 20220906 142338.078 66.22886 -18.55185  2.826  0.55  0.87
 179 20220906 142825.859 66.24928 -18.59916 13.773  0.20  0.43
 180 20220906 143019.246 66.23074 -18.55731  4.539  0.22  0.56
 181 20220906 153829.270 66.23092 -18.55740  5.609  0.47  0.64
 182 20220906 153932.449 66.22738 -18.55704  8.466  0.57  0.79
 183 20220906 154125.288 66.27824 -16.69177  6.664  0.90  1.00
 184 20220906 171016.576 66.40704 -18.75745 10.624  1.59  1.84
 185 20220906 175539.461 63.83847 -22.43504  3.301  0.37  0.05
 186 20220906 185547.031 63.88826 -22.04589  5.070  0.64  0.01
 187 20220906 190358.438 63.83221 -22.44645  5.175  1.39  0.32
 188 20220906 190721.724 63.83664 -22.42989  3.940  0.59  0.51
 189 20220906 194631.959 66.27645 -16.69081  5.290  0.49  0.60
 190 20220906 200650.129 66.55740 -17.62891 14.187  1.48  1.42
 191 20220906 201417.566 63.92688 -22.19575  2.115  0.28  0.00
 192 20220906 205716.414 65.74178 -18.23652  1.143  1.48  1.48
 193 20220906 212540.955 63.63461 -19.09670  0.135  1.05  0.69
 194 20220906 213143.967 65.07542 -16.81892  3.954  0.98  1.11
 195 20220906 214615.373 63.94731 -19.99249  7.066  0.71  0.29
 196 20220906 220114.404 63.84015 -22.55354  5.708  0.19 -1.29
 197 20220906 224622.705 66.27637 -16.69341  4.618  0.36  0.18
 198 20220906 230134.636 63.62507 -23.26946 10.375  1.33  1.45
 199 20220907 000437.966 66.21932 -16.60338  6.089  0.41  0.54
 200 20220907 001401.221 63.91032 -22.23603  5.421  0.26 -0.52
 201 20220907 003850.829 63.84833 -22.54543  6.643  0.14 -0.29
 202 20220907 004120.650 63.97794 -19.15310  2.564  0.80  0.51
 203 20220907 005750.595 63.92848 -22.14520  1.345 -0.01 -0.92
 204 20220907 011121.478 64.00827 -21.34392  3.539  0.90  0.76
 205 20220907 011507.414 63.85833 -22.61478  5.051  0.35 -0.27
 206 20220907 011532.879 63.85893 -22.62372  5.518  0.28 -0.51
 207 20220907 011810.247 63.92667 -22.20034  1.312 -0.28 -0.54
 208 20220907 011921.755 65.02899 -16.65683  5.592 -0.53 -0.73
 209 20220907 012413.866 63.84749 -22.50678  2.498  0.51 -0.28
 210 20220907 013349.163 66.62041 -17.79381 10.005  0.56  0.83
 211 20220907 015109.650 66.60879 -17.75156  6.900  1.14  1.02
 212 20220907 015533.796 64.61790 -20.56969  5.038  1.90  1.26
 213 20220907 020456.647 66.61481 -17.80585 11.557  0.95  0.89
 214 20220907 021233.235 64.77798 -21.93550  3.166  1.31  1.00
 215 20220907 021527.303 63.84143 -22.56241  5.996 -0.12 -1.48
 216 20220907 022321.837 63.94193 -21.42905  8.922  0.35  0.50
 217 20220907 023022.568 63.84518 -22.56396  4.758  0.01 -1.74
 218 20220907 023722.841 63.87167 -22.42683  5.428  0.15 -1.07
 219 20220907 024602.624 63.91233 -22.08269  6.289  0.30 -0.50
 220 20220907 025015.313 65.03432 -16.69207  4.885  0.25 -0.36
 221 20220907 031523.545 65.08859 -16.79815  3.844  0.29 -0.04
 222 20220907 032640.295 63.83556 -22.56843  5.756 -0.01 -1.24
 223 20220907 033356.078 63.84175 -22.56126  5.519 -0.02 -1.74
 224 20220907 033619.671 63.83942 -22.56838  5.799  0.23  0.38
 225 20220907 035915.027 64.55308 -17.36150  2.671  0.47  1.26
 226 20220907 040223.578 63.84835 -22.48156  0.496 -0.04 -1.51
 227 20220907 040836.060 64.90497 -17.86134  2.264  0.72  1.29
 228 20220907 041355.216 63.89997 -22.04457  4.160  0.89  0.58
 229 20220907 042037.112 63.89533 -22.04543  4.323  1.47  1.16
 230 20220907 043359.801 63.89949 -22.04347  4.372  1.07  0.85
 231 20220907 044908.661 68.06500 -17.84572 10.005  2.15  2.14
 232 20220907 050110.698 67.31440 -17.48256 10.005  1.68  1.23
 233 20220907 050338.522 63.84691 -22.57127  5.673  0.56 -0.36
 234 20220907 050514.801 63.84652 -22.56753  5.396  0.55 -0.06
 235 20220907 051255.693 64.77719 -21.95712  1.144  1.52  1.52
 236 20220907 051330.578 63.89968 -22.04427  4.177  1.10  0.94
 237 20220907 051913.379 64.13235 -21.36941  5.464  1.35  1.03
 238 20220907 052009.709 63.84699 -22.56939  5.396  0.15 -0.60
 239 20220907 052516.269 63.83055 -22.56056  5.436 -0.30 -1.32
 240 20220907 052659.188 64.64140 -20.35106  7.145  1.88  0.50
 241 20220907 052729.800 66.62978 -17.76138 11.180  1.24  1.28
 242 20220907 053733.486 63.91985 -19.06443  7.486  1.01  0.99
 243 20220907 054155.898 63.93378 -22.19318  3.929  2.93  2.46
 244 20220907 054413.158 63.93354 -22.19397  3.257  0.43 -0.27
 245 20220907 054656.828 63.92567 -22.19938  3.053 -0.01 -0.52
 246 20220907 055531.933 63.83796 -22.56575  5.705  0.04 -1.02
 247 20220907 060732.720 63.93047 -22.18677  2.822 -0.13 -0.63
 248 20220907 060841.929 63.83405 -22.56503  5.042 -0.15 -0.77
 249 20220907 062233.561 66.60541 -17.77498  9.844  0.80  0.93
 250 20220907 063658.060 64.13432 -21.37484  5.124  0.91  0.68
 251 20220907 065944.825 63.84301 -22.55816  5.016 -0.13 -1.96
 252 20220907 073059.934 66.26588 -16.69926  3.564  0.43  0.15
 253 20220907 075332.688 64.79716 -21.89994 17.967  1.75  1.67
 254 20220907 080022.935 63.84630 -22.54524  5.293  0.27 -0.83
 255 20220907 080136.678 63.90206 -22.24544  4.820  0.47 -0.43
 256 20220907 085148.887 63.92300 -22.22770  0.537 -0.43 -0.44
 257 20220907 085420.194 63.59778 -19.06200  0.135  1.37  0.80
 258 20220907 090228.652 65.16837 -16.37608  4.045  0.32  0.33
 259 20220907 090415.351 65.16969 -16.37502  5.181  0.56  0.71
 260 20220907 090753.896 64.03529 -21.57111  6.214  0.56  0.24
 261 20220907 093437.803 63.90853 -22.20621  4.206  0.06 -0.45
 262 20220907 093628.894 63.83935 -22.58455  3.950 -0.25 -1.39
 263 20220907 094528.052 63.84737 -22.51051  3.175  0.19 -1.45
 264 20220907 095807.871 63.89359 -22.08632  7.050  0.49 -0.70
 265 20220907 101742.611 63.84861 -22.57397  5.349  0.68  0.04
 266 20220907 102512.502 63.93369 -22.14518  2.257  1.18  0.83
 267 20220907 103005.204 63.93222 -22.14644  2.154  0.33  0.03
 268 20220907 104716.473 63.93144 -22.15087  2.862 -0.22 -0.71
 269 20220907 110750.884 63.82568 -22.38432  5.287  0.47 -0.50
 270 20220907 111204.037 65.72508 -16.90168  3.771  0.34  0.34
 271 20220907 111652.967 63.88184 -22.33471  2.564  0.17 -0.29
 272 20220907 112536.913 63.88169 -22.33203  1.703  0.04 -0.69
 273 20220907 113241.312 63.92420 -22.19476  3.044  0.02 -0.54
 274 20220907 114411.712 63.93498 -22.19234  2.800  0.44 -0.19
 275 20220907 114837.312 65.02606 -16.68296  3.798  0.87  0.38
 276 20220907 115214.278 64.45004 -17.71925 11.579  1.53  1.38
 277 20220907 120107.306 63.84512 -22.56840  5.604  0.71 -0.11
 278 20220907 120613.667 64.45576 -17.71336  5.047  0.78  0.68
 279 20220907 121217.654 63.83536 -22.56422  6.086  0.03 -1.33
 280 20220907 121300.355 63.84592 -22.56872  5.493  0.60 -0.12
 281 20220907 122130.916 63.84729 -22.56731  5.861  0.79  0.39
 282 20220907 124831.187 65.16544 -16.32781  9.167  0.63  0.74
 283 20220907 125339.794 63.83618 -22.56564  5.773  0.22 -1.52
 284 20220907 125754.937 63.84038 -22.56760  4.069  0.12 -0.75
 285 20220907 130025.913 63.83989 -22.56904  5.452  0.00 -1.45
 286 20220907 130051.668 63.91282 -22.09100  6.327  0.64 -0.02
 287 20220907 140204.776 63.84327 -22.56431  4.862  0.31 -0.89
 288 20220907 140214.415 63.84576 -22.56746  4.968  0.58 -0.92
 289 20220907 140434.919 63.84734 -22.56907  5.552  0.47 -0.66
 290 20220907 141530.962 63.83892 -22.57015  5.767  0.09 -1.20
 291 20220907 152556.513 63.84846 -21.42177  4.612  1.19  0.61
 292 20220907 161352.125 65.03236 -16.68877  4.668  0.09 -0.59
 293 20220907 163119.209 63.93240 -22.19157  5.075  0.22 -0.57
 294 20220907 163621.772 63.93454 -22.20508  0.821  0.04 -0.49
 295 20220907 163650.016 63.83122 -22.55661  5.792  0.16 -0.91
 296 20220907 164044.606 63.91172 -22.03348  3.697  0.37 -0.04
 297 20220907 165454.765 66.29443 -16.88932  7.613  0.95  1.05
 298 20220907 170933.311 63.93376 -22.19143  2.968  0.14 -0.36
 299 20220907 172519.609 63.86457 -22.33937  4.086  0.10 -0.24
 300 20220907 175411.778 63.93459 -22.19575  4.188  1.40  1.13
 301 20220907 191529.453 65.70345 -16.76633  1.309  0.61  0.17
 302 20220907 194230.499 63.94417 -21.74038  9.064  0.43  0.39
 303 20220907 214713.835 65.04369 -16.71682  3.506  0.27 -0.20
 304 20220907 215936.569 63.99481 -21.62869  9.296  0.11 -0.08
 305 20220907 220430.347 63.90577 -22.20650  6.014  0.41 -0.54
 306 20220907 221203.686 63.82622 -22.71955  4.420  1.56  1.33
 307 20220907 222309.335 63.92423 -22.14635  3.830  1.23  0.92
 308 20220907 232434.813 64.59478 -17.15495 13.393  0.50  1.02
 309 20220907 235643.719 63.87411 -22.38724  4.690  0.03 -0.73
 310 20220908 000153.288 66.24072 -18.54667  9.127  0.72  0.80
 311 20220908 000746.219 63.94242 -22.18570  0.135  0.29 -0.12
 312 20220908 001025.007 66.26346 -16.72354  4.853  0.22  0.43
 313 20220908 002413.077 63.98657 -16.64988  1.144  0.26 -0.21
 314 20220908 010752.643 63.92942 -22.04093  3.783  0.38 -0.34
 315 20220908 012204.839 66.29212 -18.65059 10.693  0.22  0.61
 316 20220908 015241.325 63.90918 -19.67725  5.791  1.08  0.51
 317 20220908 015908.825 63.99314 -21.71894  6.727  0.34  0.31
 318 20220908 020002.994 63.91191 -22.08857  4.471  1.18  0.38
 319 20220908 020530.827 63.65921 -19.09280  0.135  1.76  0.88
 320 20220908 022827.750 65.08249 -16.77510  3.288  0.08 -0.10
 321 20220908 023526.714 63.92484 -21.45512  8.158  0.08  0.02
 322 20220908 035010.137 63.93235 -21.46413  8.603  0.70  0.27
 323 20220908 035523.202 63.92995 -21.45761 10.079  0.64  0.22
 324 20220908 040101.648 66.56314 -17.75134 10.005  4.92  5.08
 325 20220908 040617.761 66.60516 -17.76324 12.742  3.24  3.29
 326 20220908 040823.754 66.60130 -17.73810 10.188  3.91  4.10
 327 20220908 043705.757 63.91860 -22.06454  0.135 -0.74 -0.72
 328 20220908 044650.039 66.56536 -17.74583 10.005  3.47  3.72
 329 20220908 044922.275 66.57491 -17.74964 10.005  4.30  4.66
 330 20220908 050720.970 66.59938 -17.73798 12.355  3.28  3.30
 331 20220908 050740.744 66.56627 -17.73714 10.044  4.03  4.39
 332 20220908 051328.225 66.59092 -17.76509 11.944  2.60  2.44
 333 20220908 053513.751 66.55972 -17.73759 10.005  3.01  3.00
 334 20220908 053744.645 66.59562 -17.72989 10.655  2.13  2.20
 335 20220908 054202.545 66.60002 -17.71481 10.846  2.85  2.65
 336 20220908 055248.057 66.53642 -17.73093 13.396  2.73  2.67
 337 20220908 055417.667 66.56239 -17.75513 13.128  2.46  2.54
 338 20220908 055439.490 66.57850 -17.72690 11.520  2.60  2.57
 339 20220908 055914.692 66.57648 -17.70365 10.005  3.55  3.75
 340 20220908 060046.432 66.58419 -17.70616 11.042  2.41  2.60
 341 20220908 060401.160 66.63079 -17.79321 12.689  2.76  2.53
 342 20220908 061345.669 66.61324 -17.76487 13.229  2.83  2.54
 343 20220908 062053.879 66.61188 -17.77074 11.104  2.47  2.28
 344 20220908 063544.222 63.93654 -22.19058  4.094  1.05  1.08
 345 20220908 064043.428 66.60113 -17.72900 11.285  2.62  2.70
 346 20220908 064409.968 66.60329 -17.74062 12.857  2.77  2.83
 347 20220908 064628.189 63.93563 -22.19068  4.484  0.52  0.26
 348 20220908 065109.835 64.60891 -20.57640  4.041  1.40  0.73
 349 20220908 071058.971 66.61530 -17.75104 13.294  2.30  2.23
 350 20220908 080210.241 63.97323 -19.11158  0.813  0.69  0.90
 351 20220908 082957.967 63.93563 -22.18427  2.447  0.11 -0.23
 352 20220908 083308.101 66.58070 -17.81740 10.796  2.21  2.25
 353 20220908 100010.688 63.93645 -22.19144  4.676  0.88  0.50
 354 20220908 102426.413 66.60578 -17.79034 10.501  2.73  2.64
 355 20220908 105424.165 63.92904 -22.19777  0.930 -0.09 -0.18
 356 20220908 105851.539 63.37756 -23.96882  9.975  2.49  2.38
 357 20220908 110350.684 63.93810 -22.18335  8.348  0.80  0.28
 358 20220908 110519.024 66.61648 -17.76535 14.055  2.19  2.20
 359 20220908 110547.703 66.62324 -17.75271 11.672  2.60  2.49
 360 20220908 110711.420 66.59163 -17.80650 11.096  2.46  2.46
 361 20220908 111713.848 66.60193 -17.78292  9.231  1.64  1.73
 362 20220908 112836.959 66.57582 -17.70766  0.135  1.89  1.65
 363 20220908 114132.818 63.93607 -22.10453  4.592  0.27 -0.14
 364 20220908 115033.063 63.62193 -23.45700 10.044  1.73  1.40
 365 20220908 124944.634 63.93972 -22.18298  6.181  0.51  0.30
 366 20220908 125503.726 63.93711 -22.16744  9.395  0.25 -0.35
 367 20220908 132852.603 66.60552 -17.77089  9.691  2.52  2.62
 368 20220908 133021.818 66.59801 -17.81088 12.412  3.40  3.35
 369 20220908 133200.836 66.60147 -17.81875 12.847  3.65  3.97
 370 20220908 133703.431 66.57610 -17.78795 11.047  2.91  2.84
 371 20220908 133748.773 63.81665 -22.73882  4.697  1.52  1.19
 372 20220908 133754.015 66.58427 -17.77275 10.250  2.95  3.06
 373 20220908 142550.058 66.60033 -17.76925 13.004  2.70  2.98
 374 20220908 143208.603 66.60914 -17.77947 10.005  3.36  3.60
 375 20220908 143238.156 66.60611 -17.79381  9.726  3.39  3.32
 376 20220908 143325.110 66.59980 -17.79831 10.342  2.56  2.42
 377 20220908 150004.219 66.57890 -17.80237 11.612  2.66  2.51
 378 20220908 152051.517 66.50742 -17.60065 10.005  3.63  3.88
 379 20220908 152342.057 66.53097 -17.62129 16.144  2.14  1.98
 380 20220908 160640.790 66.63131 -17.76365 13.403  3.03  3.09
 381 20220908 160808.442 66.61488 -17.73347 10.855  2.42  2.54
 382 20220908 160911.224 66.53130 -17.62389 10.005  2.16  1.97
 383 20220909 000110.551 63.91990 -22.24737  0.135 -0.07 -0.30
 384 20220909 000304.662 63.91869 -22.23425  6.256  1.12  0.89
 385 20220909 000341.276 66.60659 -17.77768 11.383  1.44  1.51
 386 20220909 000414.231 66.52905 -17.83075  4.659  1.26  1.39
 387 20220909 000616.632 63.91858 -22.23129  6.584  1.05  0.78
 388 20220909 000638.191 66.58699 -17.74622  2.432  0.87  1.16
 389 20220909 000703.977 66.58854 -17.73902  2.610  1.61  1.57
 390 20220909 000729.528 63.91602 -22.23296  6.120  0.44  0.08
 391 20220909 001048.240 63.91723 -22.23431  6.648  0.37 -0.02
 392 20220909 001209.169 63.91803 -22.23263  6.757  0.75 -0.10
 393 20220909 001550.451 63.91959 -22.23182  6.708  1.15  1.03
 394 20220909 002116.421 64.36617 -17.35061  2.861  0.71  0.71
 395 20220909 002410.771 66.57561 -17.72849  2.892  0.62  0.53
 396 20220909 002506.306 66.61896 -17.82218 13.174  1.28  1.27
 397 20220909 002740.084 63.65788 -19.14980  0.135  0.26  0.06
 398 20220909 002804.084 66.52583 -17.62059 15.414  1.82  1.77
 399 20220909 002845.954 66.53763 -17.63088 13.220  2.12  2.35
 400 20220909 003021.362 66.49995 -17.62980 11.430  1.33  1.51
 401 20220909 003216.071 66.47952 -17.55053  1.207  1.36  1.31
 402 20220909 003341.995 66.53268 -17.63577 13.435  1.74  1.77
 403 20220909 003419.190 66.49850 -17.58662  0.730  1.35  1.91
 404 20220909 003614.360 66.49767 -17.56902 11.553  1.40  1.40
 405 20220909 003723.000 66.51067 -17.60991  1.209  1.31  1.74
 406 20220909 003920.132 66.51122 -17.61126  2.682  1.65  1.83
 407 20220909 004002.109 66.51434 -17.61658 13.295  1.77  2.17
 408 20220909 004104.896 66.61832 -17.81718 11.397  2.10  2.04
 409 20220909 004221.406 66.53329 -17.64643 14.627  2.20  2.11
 410 20220909 004333.626 66.51489 -17.62481 15.357  1.03  0.99
 411 20220909 022557.937 66.52077 -17.62867 10.005  3.54  3.68
 412 20220909 030917.306 66.50516 -17.60180 10.005  3.55  3.97
 413 20220909 031507.533 66.52065 -17.56630 10.005  3.60  3.80
 414 20220909 034452.469 66.51585 -17.61131 14.260  2.35  2.39
 415 20220909 044246.391 63.89547 -22.37616  5.491  0.58  0.02
 416 20220909 050753.528 66.50113 -17.60670 10.005  3.30  3.60
 417 20220909 051550.902 63.89904 -22.05110  4.241  0.74  0.43
 418 20220909 054526.080 63.80234 -22.74607  4.949  0.85  0.70
 419 20220909 063018.438 63.99097 -19.68757  1.369  1.51  1.26
 420 20220909 065119.656 63.97696 -21.56252  7.542  1.79  1.17
 421 20220909 070606.591 63.97567 -21.55806  8.537  1.29  0.80
 422 20220909 070906.863 63.97307 -21.55616  8.671  0.45  0.31
 423 20220909 071329.280 63.97463 -21.55955  9.042  0.91  0.76
 424 20220909 072414.277 66.52680 -17.63620 14.556  2.26  2.18
 425 20220909 072534.233 66.51484 -17.61411 14.489  3.25  3.49
 426 20220909 072746.985 66.52553 -17.60440 13.662  1.24  1.53
 427 20220909 072934.731 66.55576 -17.67859 14.645  2.21  2.04
 428 20220909 073224.950 63.97635 -21.57203  7.856  0.53  0.10
 429 20220909 081221.768 63.97657 -21.56467  9.080  0.40  0.04
 430 20220909 082312.023 63.97348 -21.55672 10.367  0.65  0.54
 431 20220909 085718.530 66.55009 -17.66842 10.005  3.44  3.63
 432 20220909 103450.148 66.52023 -17.62389 14.830  3.02  3.16
 433 20220909 103956.660 66.51747 -17.62199 14.104  2.72  2.72
 434 20220909 104036.202 66.52125 -17.62099 14.593  2.85  2.98
 435 20220909 114459.710 66.52042 -17.61955 14.409  2.81  2.82
 436 20220909 115707.627 66.62260 -17.89937  9.656  2.18  2.11
 437 20220909 120638.682 66.52028 -17.62635 13.584  2.71  2.71
 438 20220909 120820.301 66.52898 -17.65913 12.137  2.33  2.29
 439 20220909 120955.020 66.53019 -17.66155 12.560  1.92  2.12
 440 20220909 121656.959 66.52119 -17.63877 13.922  2.67  2.81
 441 20220909 121943.225 66.52245 -17.63312 13.147  2.09  2.06
 442 20220909 125935.158 66.52650 -17.60590 15.648  3.90  4.19
 443 20220909 130602.977 66.52570 -17.62751 15.485  2.74  2.93
 444 20220909 131832.249 66.51498 -17.62359 15.293  3.73  4.23
 445 20220909 131907.161 66.53516 -17.60404 16.058  4.05  4.31
 446 20220909 131907.423 66.51393 -17.58620 10.005  4.12  4.29
 447 20220909 131932.941 66.54574 -17.60990 17.659  3.62  3.69
 448 20220909 133149.269 66.51706 -17.61296 15.207  3.84  3.94
 449 20220909 133412.858 66.52079 -17.57306 10.005  2.82  3.04
 450 20220909 133812.490 66.53540 -17.59704 15.320  3.61  4.19
 451 20220909 134126.916 66.52602 -17.59691 14.882  1.80  1.96
 452 20220909 134150.094 66.53522 -17.64738 15.456  3.88  4.13
 453 20220909 134407.268 66.51662 -17.61588 15.188  3.70  3.96
 454 20220909 141608.882 63.86800 -22.66212  6.223  0.16 -1.07
 455 20220909 145213.408 66.54798 -17.75978 13.417  3.31  3.55
 456 20220909 145416.074 66.51041 -17.62047 13.126  2.67  2.84
 457 20220909 145651.697 66.51061 -17.61967 12.715  1.97  2.08
 458 20220909 145947.713 66.52252 -17.62373 10.005  2.22  2.24
 459 20220909 150148.374 66.59441 -17.89252  8.438  2.23  2.16
 460 20220909 150209.065 66.48567 -17.52400 14.127  2.22  2.23
 461 20220909 150526.480 66.57070 -17.70466 15.751  2.77  2.66
 462 20220909 152641.068 66.52850 -17.60194 15.120  3.27  3.51
 463 20220909 153805.299 66.50086 -17.60015  9.501  1.74  1.97
 464 20220909 153821.998 66.52795 -17.63902 14.260  2.63  2.63
 465 20220909 154438.593 66.54523 -17.66872 11.664  1.81  2.11
 466 20220909 154517.252 66.62585 -17.88777  9.537  1.85  2.11
 467 20220909 155526.202 66.51117 -17.62788 13.697  2.81  2.89
 468 20220909 155752.588 66.52038 -17.61024 14.546  1.99  2.08
 469 20220909 194426.379 66.54884 -17.67369 14.061  3.69  4.33
 470 20220909 202636.955 63.87947 -19.00778  0.135  2.03  1.43
 471 20220909 203558.860 64.05359 -21.24471  6.763  0.73  0.80
 472 20220909 220355.758 63.88774 -22.59958 26.880  1.61  0.05
 473 20220909 221056.385 63.87608 -22.44432  0.135  0.14 -0.95
 474 20220910 000027.809 66.53949 -17.68457 10.005  1.60  1.51
 475 20220910 000221.182 66.54351 -17.65296 14.295  1.84  1.90
 476 20220910 000407.052 66.51456 -17.62240 14.120  1.33  1.58
 477 20220910 000500.843 66.51344 -17.61515 13.327  1.44  1.69
 478 20220910 000612.973 66.55035 -17.65584 13.441  1.69  1.64
 479 20220910 000700.525 63.61634 -19.07403  1.856  1.42  0.25
 480 20220910 000843.368 66.51282 -17.60347 10.005  1.51  1.82
 481 20220910 001235.585 66.57125 -17.70773 14.519  1.65  1.76
 482 20220910 001913.471 63.77207 -19.41686  4.639  0.33  0.32
 483 20220910 001955.870 66.50087 -17.60109 13.807  2.37  2.37
 484 20220910 002508.061 66.53185 -17.65704 15.234  1.00  1.19
 485 20220910 002559.659 63.94143 -21.94712  4.323  0.43  0.15
 486 20220910 002711.109 66.53159 -17.65664 12.705  1.87  1.89
 487 20220910 002958.644 66.61064 -17.86067  7.995  1.11  1.31
 488 20220910 003034.559 66.55581 -17.66587 16.464  1.67  1.63
 489 20220910 003201.765 66.48528 -17.55562 11.322  2.00  2.04
 490 20220910 003240.293 66.49747 -17.56138 14.559  2.15  2.10
 491 20220910 003346.588 66.52251 -17.61627 16.032  1.72  1.74
 492 20220910 003701.481 66.52831 -17.59140 13.874  0.98  1.14
 493 20220910 003951.944 66.48723 -17.57735 11.794  1.75  1.84
 494 20220910 004232.337 66.47382 -17.60109  1.346  1.28  1.47
 495 20220910 004659.029 63.97169 -21.55633  7.391  0.61  0.52
 496 20220910 004720.174 66.51031 -17.56536 15.950  2.10  2.11
 497 20220910 004916.111 63.93565 -19.27240  0.135  0.82  1.01
 498 20220910 004948.207 66.54987 -17.68957  3.291  0.92  1.10
 499 20220910 005250.106 66.52927 -17.63962 14.658  1.10  1.40
 500 20220910 005314.969 66.52507 -17.63791 13.638  1.71  1.55
 501 20220910 005445.426 66.54816 -17.66685 15.124  1.64  1.61
 502 20220910 005523.813 66.53148 -17.59849 14.521  1.43  1.59
 503 20220910 010032.926 66.51435 -17.62846  2.362  2.12  2.05
 504 20220910 010307.087 66.53817 -17.72280 10.561  1.19  1.67
 505 20220910 010421.252 66.53154 -17.64417 10.782  1.85  2.06
 506 20220910 010616.425 66.59480 -17.80978  9.871  1.30  1.58
 507 20220910 010742.806 66.56180 -17.70516 10.829  1.67  1.89
 508 20220910 011038.535 66.53271 -17.62206 15.886  2.27  2.13
 509 20220910 011224.030 66.52455 -17.64731 16.049  1.10  1.16
 510 20220910 011557.855 66.56055 -17.72375 13.447  2.72  2.77
 511 20220910 011700.905 66.57297 -17.75574  2.257  1.87  1.83
 512 20220910 012436.381 66.53724 -17.66264 14.103  2.33  2.25
 513 20220910 012519.846 66.52261 -17.67973 10.005  2.29  2.15
 514 20220910 012835.101 66.53239 -17.63584 15.224  2.59  2.59
 515 20220910 012900.505 66.53407 -17.63808 15.275  3.05  3.13
 516 20220910 013013.267 66.53320 -17.63808 13.906  2.15  2.23
 517 20220910 013033.669 66.53931 -17.69145 13.124  1.68  1.76
 518 20220910 013113.531 66.54462 -17.63966 16.165  1.63  1.48
 519 20220910 013324.667 66.48988 -17.58357 14.329  1.75  1.92
 520 20220910 013450.441 66.50686 -17.61431 13.409  1.82  1.89
 521 20220910 013526.353 66.57783 -17.69722 15.347  1.62  1.71
 522 20220910 013557.543 66.49639 -17.59864 10.316  1.38  1.46
 523 20220910 013636.380 66.50503 -17.57806  9.747  0.93  0.91
 524 20220910 013836.334 66.53100 -17.63756 13.921  2.21  2.26
 525 20220910 014036.862 66.57436 -17.65306 13.141  1.74  1.58
 526 20220910 014119.075 66.56026 -17.67884 15.574  1.93  2.03
 527 20220910 014205.995 63.90200 -22.24379  4.768  0.48 -0.38
 528 20220910 014400.478 66.51448 -17.65366  2.072  1.13  1.36
 529 20220910 014437.288 66.55600 -17.66639 11.829  1.56  1.67
 530 20220910 014528.630 66.55178 -17.71311 11.099  1.79  1.77
 531 20220910 014708.253 66.47066 -17.59721 13.282  1.30  1.81
 532 20220910 014716.284 66.59164 -17.88864  8.780  2.03  1.91
 533 20220910 015008.927 63.97479 -21.55054  8.483  0.80  0.62
 534 20220910 015237.507 66.55826 -17.64010 11.078  1.05  1.37
 535 20220910 015417.252 66.48955 -17.60251 10.005  1.28  1.31
 536 20220910 015532.458 66.50851 -17.62514 13.618  0.75  0.83
 537 20220910 015550.167 66.52011 -17.62083 10.005  1.34  1.50
 538 20220910 015749.616 66.53506 -17.63506 15.200  2.37  2.20
 539 20220910 015906.498 66.53642 -17.64681 14.852  1.15  1.37
 540 20220910 015919.428 66.52969 -17.63374 16.110  1.35  1.56
 541 20220910 020202.655 66.53128 -17.64742 15.567  2.24  2.11
 542 20220910 020805.182 66.49376 -17.58721  6.552  1.51  1.39
 543 20220910 020853.649 66.52638 -17.60783 14.641  2.19  2.22
 544 20220910 021706.515 66.54885 -17.67933 13.846  1.43  1.77
 545 20220910 021902.893 66.50885 -17.65860  2.358  1.47  1.53
 546 20220910 022241.035 65.03628 -16.78064  2.212  2.13  1.80
 547 20220910 023257.508 66.49225 -17.59590 11.190  1.26  1.39
 548 20220910 023511.097 66.51647 -17.60972 13.508  3.56  3.76
 549 20220910 023621.717 66.52897 -17.61465 15.404  2.52  2.70
 550 20220910 023741.969 66.51464 -17.60506 10.005  2.07  1.95
 551 20220910 023829.110 66.51862 -17.61720 13.810  2.16  2.47
 552 20220910 023957.434 66.52096 -17.61464 13.332  2.11  2.18
 553 20220910 024116.861 66.52679 -17.66326 16.849  1.57  1.50
 554 20220910 024337.393 66.53317 -17.60162 14.497  2.28  2.21
 555 20220910 024507.462 66.56153 -17.68843 13.542  3.98  4.32
 556 20220910 024825.591 66.58551 -17.69131 14.808  2.95  2.80
 557 20220910 024942.068 66.54927 -17.68385 12.124  1.37  1.59
 558 20220910 025108.763 66.56020 -17.71153 15.214  2.24  2.45
 559 20220910 025254.086 66.57564 -17.68424 12.085  1.60  1.49
 560 20220910 025441.215 66.51357 -17.61268 12.319  1.96  1.76
 561 20220910 025519.738 66.54647 -17.64804 10.005  1.82  1.78
 562 20220910 025728.384 66.54861 -17.60187 16.163  1.58  1.51
 563 20220910 025843.076 66.57538 -17.72995 14.336  2.28  2.33
 564 20220910 025939.779 66.54437 -17.65970  8.084  2.06  1.91
 565 20220910 025957.867 66.56724 -17.71609 12.743  1.66  2.03
 566 20220910 030015.485 66.55953 -17.67565 13.243  2.28  1.94
 567 20220910 030039.309 66.50834 -17.61073 10.005  3.08  2.93
 568 20220910 030127.115 66.51331 -17.60948 10.005  2.76  2.70
 569 20220910 030219.115 66.61738 -17.85179  7.832  1.51  1.66
 570 20220910 030304.244 66.50774 -17.63384 10.005  2.69  2.63
 571 20220910 030404.755 66.54810 -17.68971 13.331  2.77  2.93
 572 20220910 030527.605 66.51116 -17.60483 10.005  2.27  2.07
 573 20220910 030628.382 66.52538 -17.58435 10.005  1.60  1.53
 574 20220910 030648.928 66.58395 -17.71003 13.639  2.57  2.84
 575 20220910 030744.795 66.50954 -17.60382 10.005  2.30  2.32
 576 20220910 030908.254 66.51231 -17.61436 10.005  1.32  1.64
 577 20220910 030915.264 66.53992 -17.61097  2.409  1.95  1.77
 578 20220910 030947.776 66.52765 -17.65425 10.005  1.46  1.51
 579 20220910 031212.808 66.56273 -17.66130 10.563  2.26  2.16
 580 20220910 031333.496 66.52007 -17.61976 14.962  2.09  1.97
 581 20220910 031418.678 66.50150 -17.64121 10.005  2.62  2.25
 582 20220910 031520.886 66.52697 -17.65064 17.781  1.78  2.01
 583 20220910 031547.993 66.54819 -17.68369 10.005  2.54  2.50
 584 20220910 031724.461 66.55373 -17.66841 10.005  2.64  2.59
 585 20220910 031819.349 66.55766 -17.67736 10.005  2.38  2.32
 586 20220910 031919.635 66.56814 -17.64696 11.067  1.79  1.74
 587 20220910 032011.123 66.50137 -17.57315 10.005  1.56  1.62
 588 20220910 032042.409 66.54488 -17.67125 10.005  3.63  3.88
 589 20220910 032115.877 66.57076 -17.70537 13.675  3.59  3.52
 590 20220910 032247.468 66.56741 -17.67496 10.005  2.29  2.09
 591 20220910 032320.296 66.57519 -17.71271 11.941  1.62  1.77
 592 20220910 032502.135 66.56100 -17.66510 13.334  2.57  2.41
 593 20220910 032912.189 66.51901 -17.60888 10.005  1.26  1.30
 594 20220910 033201.549 66.47730 -17.58053 10.005  1.50  1.59
 595 20220910 033459.549 66.50706 -17.62763 12.986  1.87  1.91
 596 20220910 033735.896 66.50566 -17.62692 12.694  3.21  3.31
 597 20220910 033912.336 66.50265 -17.63410 10.005  1.96  1.80
 598 20220910 033951.264 66.63251 -17.87138  9.439  2.22  2.30
 599 20220910 034019.822 66.51473 -17.61664 10.005  2.19  2.08
 600 20220910 034114.916 66.57644 -17.65698 13.435  1.34  1.55
 601 20220910 034217.008 66.51671 -17.59628 10.005  1.45  1.42
 602 20220910 034238.962 66.53031 -17.63574  3.340  1.86  1.94
 603 20220910 035624.510 66.47321 -17.62502  0.246  1.79  1.58
 604 20220910 035948.827 65.04575 -16.70439  2.966  1.30  0.80
 605 20220910 043334.385 66.52065 -17.58637 10.005  2.27  2.40
 606 20220910 043551.587 63.93665 -22.09232  5.723  0.29 -0.77
 607 20220910 050737.864 66.49525 -17.60959 10.005  3.59  3.63
 608 20220910 051321.736 66.52061 -17.61905 12.212  3.05  2.95
 609 20220910 052211.444 63.97095 -21.52569 11.310  0.63  0.42
 610 20220910 105045.421 63.79703 -22.78352  5.088  0.93  0.87
 611 20220910 105447.639 63.78500 -22.81580  5.951  1.21  1.05
 612 20220910 105827.789 66.56487 -17.69274 11.604  1.59  1.69
 613 20220910 105908.258 66.51175 -17.59078 10.005  2.43  2.37
 614 20220910 111605.470 66.60955 -17.88135  8.334  1.26  1.39
 615 20220910 115735.715 63.96592 -21.34134  6.365  0.66  0.18
 616 20220910 120912.470 63.91986 -22.18810  1.794 -0.10 -0.80
 617 20220910 125139.326 63.97380 -21.54949  7.678  1.08  0.94
 618 20220910 132139.716 63.97110 -21.55857  7.273  0.55  0.32
 619 20220910 133810.603 63.90261 -22.22091  5.253  0.33 -0.07
 620 20220910 140748.240 63.96604 -21.55232  8.671  0.51  0.20
 621 20220910 141555.254 63.92900 -22.11203  5.578  0.41 -0.38
 622 20220910 144429.635 66.53265 -17.62614 16.342  3.90  4.17
 623 20220910 144519.589 66.51237 -17.58530 10.005  3.16  3.02
 624 20220910 144644.433 66.50992 -17.61177 10.005  1.95  2.10
 625 20220910 145422.328 66.51099 -17.60861 10.005  2.41  2.43
 626 20220910 145439.745 66.52464 -17.71090 10.005  2.73  2.82
 627 20220910 145528.583 66.51755 -17.63464 10.005  2.01  2.19
 628 20220910 145645.090 66.51747 -17.62784 10.005  2.22  2.42
 629 20220910 145710.023 66.51985 -17.62687 10.005  1.97  2.06
 630 20220910 154149.456 63.58755 -19.11877  0.135  2.32  1.08
 631 20220910 154510.140 63.97181 -21.55098  8.043  1.14  1.00
 632 20220910 154635.075 66.53345 -17.69724  9.537  2.04  1.96
 633 20220910 154812.026 63.97398 -21.55433  7.532  0.52  0.30
 634 20220910 155000.995 63.97783 -21.54762  8.233  0.69  0.35
 635 20220910 155119.389 63.90961 -22.21377  4.694  0.83  0.46
 636 20220910 170559.060 66.47412 -17.54058 10.005  2.15  2.40
 637 20220910 170937.740 63.85485 -22.16141  5.667  0.21 -1.06
 638 20220910 172838.425 66.50307 -17.63060 10.005  1.09  0.99
 639 20220910 172902.673 64.01302 -21.59109  8.120  0.84  1.13
 640 20220910 175317.828 63.90892 -22.21409  4.838  0.57 -0.05
 641 20220910 180821.239 63.89580 -22.26190  9.132  0.57 -0.33
 642 20220910 181322.471 66.50279 -17.58050  0.960  1.03  0.98
 643 20220910 181544.367 63.90630 -22.21398  4.073  0.26 -0.15
 644 20220910 192415.141 63.92390 -22.18906  2.920 -0.06 -0.53
 645 20220910 215421.097 63.94559 -19.19970  0.135  1.43  1.17
 646 20220910 222314.955 64.62566 -17.39506  1.427  1.94  1.80
 647 20220910 225325.072 63.91677 -22.19713  0.135  0.30 -0.33
 648 20220910 225547.689 63.97702 -20.94410  7.387  1.31  1.26
 649 20220910 230250.844 63.92124 -22.06314  6.642  0.50 -0.58
 650 20220910 234620.962 63.90862 -22.21218  4.855  0.48 -0.14
 651 20220911 000749.618 66.62370 -17.84730  8.284  1.32  1.36
 652 20220911 000937.464 66.51870 -17.62119 12.846  1.30  0.98
 653 20220911 001221.525 66.52697 -17.61638 13.062  1.25  1.31
 654 20220911 001403.127 66.51990 -17.61310 12.628  1.31  1.17
 655 20220911 001708.197 66.52059 -17.62098 14.150  0.90  0.90
 656 20220911 002852.641 66.56055 -17.65415 10.891  0.94  1.34
 657 20220911 002924.653 66.57425 -17.66339 14.007  2.01  1.77
 658 20220911 003314.562 63.89386 -22.37938  5.569  0.94  0.50
 659 20220911 005152.203 66.49734 -17.54823 10.005  2.23  2.08
 660 20220911 005246.621 66.50321 -17.54786 12.102  1.43  1.53
 661 20220911 010403.809 66.52392 -17.60049 15.065  1.98  1.97
 662 20220911 010433.776 66.50862 -17.58798 10.005  2.47  2.18
 663 20220911 011150.728 66.50798 -17.60683  9.282  1.23  1.18
 664 20220911 011435.229 66.47665 -17.53666  2.283  1.08  1.31
 665 20220911 011740.316 66.56795 -17.73183 14.551  2.08  2.02
 666 20220911 012141.366 66.55614 -17.73828 13.290  1.63  1.52
 667 20220911 012412.956 66.55749 -17.72943 13.492  1.91  1.82
 668 20220911 012538.997 66.49513 -17.54519 13.209  1.35  1.47
 669 20220911 012747.745 66.50529 -17.58295  1.144  0.85  0.88
 670 20220911 012925.815 66.53427 -17.62938 14.592  1.93  2.00
 671 20220911 013118.628 66.50010 -17.53916 13.720  1.50  1.49
 672 20220911 013445.685 66.45777 -17.48209  1.121  1.11  1.27
 673 20220911 014207.381 66.52148 -17.61436 13.767  1.73  1.82
 674 20220911 014306.421 66.50179 -17.54707 14.536  1.20  1.26
 675 20220911 014835.572 66.50178 -17.54821 10.005  1.97  2.06
 676 20220911 014944.860 66.51964 -17.63129 14.281  1.55  1.39
 677 20220911 015120.059 66.49322 -17.54918 13.782  1.58  1.60
 678 20220911 015614.475 66.49036 -17.54624 10.005  1.17  1.19
 679 20220911 015749.818 66.49647 -17.54666 14.474  1.27  1.38
 680 20220911 015935.676 66.49461 -17.54782 15.613  1.46  1.62
 681 20220911 021334.334 66.48959 -17.53924 10.005  2.16  1.98
 682 20220911 021559.205 66.51123 -17.62243 13.577  2.45  2.17
 683 20220911 022346.223 66.49915 -17.61336 10.270  1.59  1.53
 684 20220911 022505.619 66.50049 -17.57220 10.005  2.49  2.43
 685 20220911 023129.638 66.60311 -17.89932  9.167  1.60  1.69
 686 20220911 023348.528 66.51746 -17.59379 10.776  0.97  1.03
 687 20220911 023657.534 66.58326 -17.73688  8.669  1.67  1.49
 688 20220911 025111.122 66.51051 -17.59754 10.005  1.61  1.55
 689 20220911 025244.611 66.51295 -17.60318 10.005  1.21  1.12
 690 20220911 025553.838 66.51311 -17.54823 13.588  1.57  1.54
 691 20220911 025637.717 66.52757 -17.61349 14.625  1.29  1.16
 692 20220911 030754.243 66.61616 -17.76134 12.113  2.35  2.24
 693 20220911 030951.128 66.50358 -17.56944 10.005  1.33  1.15
 694 20220911 031020.175 66.47606 -17.56980 13.048  0.99  1.16
 695 20220911 031758.952 63.85455 -22.66395  5.744  0.68 -0.24
 696 20220911 033918.393 66.52286 -17.62075 14.525  1.70  1.78
 697 20220911 035241.156 66.50465 -17.54321  4.327  1.01  1.06
 698 20220911 035306.274 66.52545 -17.61821 10.005  1.27  1.27
 699 20220911 035643.947 66.51185 -17.58995 10.005  1.14  1.09
 700 20220911 035905.646 66.50217 -17.59810 10.005  2.55  2.32
 701 20220911 041546.565 66.51355 -17.61092 10.005  2.24  2.30
 702 20220911 041721.138 66.47913 -17.55737 10.005  1.24  1.31
 703 20220911 042146.914 66.48470 -17.54894 13.063  1.15  1.24
 704 20220911 042408.644 66.49154 -17.50239 10.483  1.65  1.53
 705 20220911 042632.912 66.50604 -17.58828 10.917  1.20  1.23
 706 20220911 043022.435 66.48810 -17.56410 10.005  3.48  3.47
 707 20220911 043546.008 66.49386 -17.54828 10.354  1.38  1.71
 708 20220911 043902.768 66.49818 -17.58580 10.005  1.20  1.31
 709 20220911 043953.960 66.48215 -17.55430 12.632  1.27  1.36
 710 20220911 044211.071 66.52071 -17.61404 10.005  1.58  1.79
 711 20220911 045609.557 66.51653 -17.60160 10.005  1.06  0.92
 712 20220911 045642.426 66.48997 -17.56260 10.005  2.19  2.25
 713 20220911 045811.559 66.49252 -17.54275 13.667  1.38  1.55
 714 20220911 050111.429 66.48116 -17.58695  2.157  1.48  1.76
 715 20220911 050623.671 66.55116 -17.72070 12.524  1.29  1.78
 716 20220911 053350.500 66.52034 -17.68784  4.849  1.69  1.66
 717 20220911 053915.524 66.49052 -17.53856 10.005  3.07  3.25
 718 20220911 054146.479 66.55148 -17.74389 14.056  1.53  1.63
 719 20220911 054404.269 66.54572 -17.71911 11.583  1.15  1.42
 720 20220911 054653.547 66.53131 -17.61040 12.399  0.94  1.16
 721 20220911 060314.958 63.82790 -22.38760  5.739  1.39  0.83
 722 20220911 080823.701 63.97176 -21.55487  5.123  0.81  0.90
 723 20220911 081023.264 63.97749 -21.55860  7.495  0.95  0.67
 724 20220911 081114.504 63.97824 -21.55645  7.893  1.01  0.75
 725 20220911 081140.356 63.99256 -21.57928  7.156  0.69  0.50
 726 20220911 081242.626 63.97845 -21.55598  8.033  0.93  1.04
 727 20220911 081433.925 63.97797 -21.55465  8.468  0.25  0.15
 728 20220911 081545.691 63.97643 -21.55559  7.010  0.67  0.73
 729 20220911 081659.152 63.97698 -21.55690  7.424  0.39  0.27
 730 20220911 081759.018 63.97869 -21.55465  7.988  0.92  0.87
 731 20220911 081858.881 63.98210 -21.55387  8.829  0.32  0.17
 732 20220911 081916.814 63.97838 -21.55622  7.652  0.77  0.69
 733 20220911 081940.477 66.59159 -17.70016  1.229  1.16  1.02
 734 20220911 081959.175 63.97947 -21.55135  7.207  1.55  1.31
 735 20220911 082525.946 63.97840 -21.56644  2.361 -0.02 -0.11
 736 20220911 082630.672 66.53516 -17.66223  9.835  1.32  1.59
 737 20220911 082718.905 66.41922 -17.97996 14.128  0.38  0.11
 738 20220911 082732.569 63.97467 -21.54687  6.619  0.11 -0.11
 739 20220911 082852.891 63.97476 -21.55639  6.203  0.58  0.73
 740 20220911 082957.486 63.97467 -21.55193  7.278  0.18  0.00
 741 20220911 083239.701 63.97607 -21.55154  7.536  0.06 -0.16
 742 20220911 083312.787 63.97493 -21.55573  6.697  0.10 -0.06
 743 20220911 083453.771 63.97603 -21.54587  5.637  0.16 -0.08
 744 20220911 083509.568 63.97716 -21.55054  7.363  0.59  0.44
 745 20220911 083906.658 63.97594 -21.55374  7.536  0.16 -0.02
 746 20220911 083921.122 63.97655 -21.54683  7.013  0.11  0.02
 747 20220911 083952.646 63.97627 -21.55506  7.486  0.57  0.52
 748 20220911 084039.345 63.97365 -21.55770  6.395  0.43  0.32
 749 20220911 084202.161 63.97656 -21.55719  7.852  0.45  0.23
 750 20220911 084219.249 63.97686 -21.56234  7.738  0.35  0.33
 751 20220911 084545.979 63.97669 -21.55337  7.833  0.25  0.18
 752 20220911 084707.315 63.97548 -21.54463  8.202 -0.15 -0.30
 753 20220911 084738.679 66.63701 -17.93125 10.873  1.24  1.32
 754 20220911 085356.370 63.97111 -21.54895  8.066  0.09 -0.12
 755 20220911 085527.049 63.97806 -21.55384  9.321  0.28 -0.05
 756 20220911 085819.052 63.99122 -21.65020 15.597  1.02  0.43
 757 20220911 092320.936 63.97603 -21.55319  7.651  0.41  0.08
 758 20220911 092444.210 63.97871 -21.55589  8.350  0.14  0.01
 759 20220911 093947.247 63.97746 -21.55015  6.599 -0.10 -0.16
 760 20220911 094031.860 63.98170 -21.54754  8.580  0.57  0.60
 761 20220911 103055.732 63.97653 -21.55308  8.375  0.40  0.15
 762 20220911 112344.438 63.82932 -22.75146  0.271  0.76  0.38
 763 20220911 115814.234 63.82783 -22.71474  5.732  1.38  0.64
 764 20220911 120110.147 63.79374 -22.62927  0.135 -0.26 -0.52
 765 20220911 124259.338 63.75502 -23.30568 13.818  1.66  1.58
 766 20220911 125612.692 63.63236 -19.05482  0.135  1.83  1.04
 767 20220911 133147.493 63.92392 -22.14461  4.767  0.42  0.03
 768 20220911 143603.615 64.62219 -17.41864  0.135  2.61  2.52
 769 20220911 143814.224 66.63123 -17.88107  9.458  1.88  1.93
 770 20220911 144348.594 64.62218 -17.43006  2.115  2.75  2.42
 771 20220911 152559.633 63.83806 -22.65487  6.539  0.40 -0.46
 772 20220911 181257.155 63.94881 -21.96014  5.450  0.58  0.59
 773 20220911 191543.079 63.94749 -21.94997  4.003  0.78  0.75
 774 20220911 195440.609 63.94898 -21.95655  5.173  0.67  0.48
 775 20220911 201536.390 63.94804 -21.95889  3.718  0.18  0.17
 776 20220911 203037.476 63.88335 -22.38275  5.326  0.91  0.10
 777 20220911 204847.213 63.93238 -20.35195  6.090  0.99 -0.01
 778 20220911 212030.612 63.82808 -22.68410  6.046  0.90  0.59
 779 20220911 215448.219 63.97602 -21.55587  8.858  1.42  1.10
 780 20220911 215644.550 63.95953 -21.54345  8.519  0.40  0.18
 781 20220911 220037.475 63.97422 -21.55897  7.916  1.22  1.03
 782 20220911 220216.963 63.97210 -21.55614  8.106  0.96  0.70
 783 20220911 220240.921 63.89352 -22.37388  5.213  0.55 -0.10
 784 20220911 222642.841 63.97670 -21.55641  8.492  1.32  1.11
 785 20220911 222913.594 66.63520 -18.98117  7.505  1.40  1.38
 786 20220911 223048.034 63.84040 -22.73390  4.827  0.23 -0.16
 787 20220911 231610.745 64.06123 -21.22767  3.595  2.05  1.31
 788 20220911 233421.554 63.98420 -16.68847 12.309  0.89 -0.02
 789 20220911 235017.560 66.63913 -17.90905 10.044  3.80  4.10
